0 7 290 138 125 109 276 59 104 112 80 431 339 
1 7 292 134 125 111 278 56 101 113 83 423 339 
2 8 291 135 124 109 277 57 103 113 82 424 341 
3 7 293 136 123 110 276 57 102 113 82 423 338 
4 7 291 137 125 111 277 56 103 114 81 421 341 
5 7 291 138 125 110 277 57 103 113 84 425 336 
6 10 290 132 126 110 277 57 102 114 83 423 340 
7 8 293 136 122 110 276 56 105 112 82 424 341 
8 7 293 137 123 110 277 57 104 115 83 421 340 
9 9 290 136 126 110 276 57 106 111 83 427 337 
10 9 292 132 124 110 275 58 105 113 83 423 340 
11 9 291 133 125 110 277 57 103 113 83 423 339 
12 10 292 135 123 110 276 57 105 115 83 421 340 
13 11 293 132 121 110 276 57 105 113 82 423 343 
14 9 292 135 123 110 277 57 103 115 84 422 340 
15 10 294 133 121 110 276 58 104 113 83 424 342 
16 7 292 136 124 110 277 58 102 114 83 422 342 
17 8 293 137 122 110 277 57 103 114 82 422 342 
18 11 292 132 122 110 276 57 103 114 82 423 341 
19 8 290 135 126 110 277 57 104 114 83 423 341 
20 7 291 134 126 110 276 57 104 115 84 421 338 
21 10 292 133 123 109 277 59 101 114 83 424 340 
22 7 291 136 125 110 277 57 101 113 83 424 341 
23 8 291 134 126 110 277 57 103 114 83 423 339 
24 10 291 132 124 110 277 57 100 114 84 424 339 
25 10 292 133 124 110 277 58 102 114 82 424 341 
26 7 291 136 126 109 277 57 101 114 83 423 338 
27 9 292 131 125 110 276 57 101 114 84 423 337 
28 9 291 136 125 110 277 56 100 114 82 424 339 
29 9 291 134 124 110 277 58 102 114 82 422 340 
30 9 292 132 124 109 276 58 103 113 83 424 340 
31 8 292 135 124 110 277 56 102 115 82 419 343 
32 8 292 133 125 110 277 57 101 115 82 422 341 
33 8 291 134 125 110 277 57 101 113 84 424 338 
34 9 290 133 127 110 277 57 100 115 82 420 342 
35 8 291 135 124 110 276 57 102 114 82 423 340 
36 8 294 133 121 110 277 57 102 114 82 422 340 
37 9 292 131 124 110 277 57 103 113 83 423 339 
38 7 291 134 125 110 276 57 102 113 83 424 339 
39 8 290 134 127 110 277 57 101 113 83 423 336 
40 9 293 135 124 109 276 57 103 113 83 424 337 
41 10 292 132 124 109 277 58 100 113 82 424 339 
42 9 294 134 121 110 277 57 101 112 82 425 340 
43 11 291 133 124 110 277 57 101 112 84 426 336 
44 7 291 136 125 110 276 57 104 114 83 423 337 
45 8 292 136 124 109 277 58 103 112 83 424 338 
46 8 294 135 121 110 277 58 106 114 82 423 339 
47 9 292 136 123 110 278 57 101 111 83 425 339 
48 9 291 135 126 110 278 56 102 114 83 422 338 
49 9 293 135 123 110 277 57 102 115 84 420 339 
50 8 292 135 124 110 277 58 103 114 83 421 337 
51 8 291 134 125 110 277 56 100 112 83 425 338 
52 11 292 134 123 109 277 58 102 113 82 424 342 
53 8 294 134 122 109 277 58 102 113 82 423 340 
54 9 292 135 122 109 277 58 99 112 82 426 340 
55 6 292 134 125 110 276 57 101 111 85 427 337 
56 8 292 135 124 110 277 58 102 113 81 425 340 
57 8 292 133 124 110 277 57 101 113 84 425 335 
58 7 291 136 125 111 277 56 102 114 83 424 336 
59 10 292 134 123 110 277 57 102 111 83 426 338 
60 9 291 135 123 110 277 57 100 112 82 425 339 
61 9 292 136 123 109 277 58 101 111 82 428 338 
62 8 293 134 124 110 277 57 101 111 82 427 339 
63 9 292 134 123 109 277 58 102 112 83 425 336 
64 7 293 135 123 110 277 56 101 113 82 425 338 
65 8 291 135 124 110 277 58 102 114 83 422 338 
66 8 291 134 125 110 277 56 102 114 83 423 338 
67 8 291 137 125 110 277 57 103 113 84 427 338 
68 7 291 135 125 110 277 58 102 112 82 427 340 
69 8 293 135 122 110 278 56 101 115 82 422 338 
70 8 292 134 123 110 277 57 101 114 82 422 338 
71 8 291 134 125 109 277 57 101 114 83 424 336 
72 9 291 134 125 110 277 57 100 114 82 421 340 
73 6 293 136 123 110 278 57 102 113 81 424 339 
74 8 294 135 122 110 277 57 102 113 81 424 340 
75 8 292 133 125 110 277 57 100 112 83 426 336 
76 6 292 137 124 111 277 56 101 114 82 423 337 
77 9 293 135 121 110 277 57 99 113 83 423 337 
78 8 293 134 123 110 277 57 100 113 83 423 335 
79 8 292 134 123 110 277 56 100 112 84 425 336 
80 8 293 136 122 110 277 57 101 113 81 424 339 
81 8 293 135 122 110 277 57 102 112 83 425 336 
82 8 291 134 124 110 278 57 100 114 83 423 338 
83 8 291 135 125 110 278 57 99 110 84 426 337 
84 9 292 136 124 110 277 56 100 113 84 424 336 
85 9 292 135 123 110 277 57 99 111 82 427 337 
86 9 291 133 124 109 278 57 98 112 84 424 336 
87 9 290 136 125 109 278 57 99 114 84 423 336 
88 8 293 134 122 110 278 57 99 113 83 424 338 
89 10 292 133 123 109 277 57 98 112 84 426 335 
90 8 291 131 127 110 277 57 102 112 83 426 337 
91 8 292 134 124 110 277 56 98 112 83 426 338 
92 7 293 134 123 111 277 56 99 111 83 427 337 
93 10 291 129 124 110 277 57 99 113 83 424 338 
94 6 291 135 125 110 277 57 99 112 83 426 339 
95 7 290 135 126 110 278 57 101 112 83 427 338 
96 6 291 136 125 110 277 57 101 113 83 425 339 
97 8 293 135 122 110 278 57 99 112 83 425 338 
98 9 291 134 126 110 278 57 100 113 84 424 337 
99 8 292 135 125 110 277 57 102 114 84 422 337 
100 9 293 135 122 109 278 58 101 114 83 424 338 
101 10 291 135 125 110 278 57 101 111 83 427 338 
102 8 293 134 124 110 277 57 102 113 83 424 337 
103 9 291 132 125 110 277 57 100 113 84 425 336 
104 9 292 133 123 110 278 57 100 112 83 425 337 
105 8 292 134 124 110 277 57 103 112 82 426 339 
106 9 293 135 122 110 278 56 100 111 83 427 338 
107 9 292 133 124 110 277 56 100 111 83 426 336 
108 8 292 135 124 110 277 57 100 112 83 425 338 
109 8 291 133 125 110 277 57 100 113 83 424 339 
110 8 294 136 122 110 277 58 102 111 84 427 335 
111 10 293 133 122 110 277 58 101 110 82 429 337 
112 7 292 134 124 110 278 57 100 113 83 423 339 
113 8 292 134 124 110 277 57 99 112 82 426 338 
114 10 293 134 122 109 277 58 101 113 83 425 337 
115 9 291 134 125 110 278 57 100 112 83 425 337 
116 8 292 134 125 110 277 57 101 114 84 424 338 
117 8 291 135 124 109 276 58 101 113 83 424 338 
118 8 291 133 124 109 276 57 102 112 83 425 337 
119 11 289 134 127 110 276 57 102 111 83 427 336 
120 8 290 136 126 109 275 58 104 112 83 427 336 
121 7 291 134 126 109 275 58 104 112 84 425 337 
122 10 292 133 124 109 276 58 101 113 82 425 340 
123 9 290 131 127 111 276 57 98 114 84 422 336 
124 9 292 134 124 110 277 56 100 111 82 427 341 
125 8 291 131 127 111 277 56 100 114 85 423 335 
126 6 291 134 126 111 278 56 98 113 84 424 336 
127 8 293 132 123 113 280 53 98 114 84 422 336 
128 7 294 136 122 112 280 54 95 112 84 426 338 
129 8 293 134 124 113 281 53 95 115 84 421 336 
130 7 294 134 122 112 281 55 95 113 83 425 338 
131 9 294 135 122 112 280 55 96 113 83 424 339 
132 8 295 136 122 113 281 55 98 113 83 424 336 
133 8 293 134 123 113 280 54 98 112 82 427 338 
134 11 296 134 119 112 280 55 97 113 83 425 338 
135 9 291 134 126 112 280 55 99 115 82 421 338 
136 9 292 136 123 112 279 56 99 110 83 429 337 
137 7 291 136 125 112 277 56 100 112 83 426 336 
138 9 292 137 123 113 278 56 101 112 83 425 338 
139 8 294 133 123 112 277 56 102 112 84 425 336 
140 8 292 135 125 110 276 58 103 110 84 429 336 
141 8 291 134 125 110 276 60 105 111 84 428 335 
142 7 291 135 126 110 276 59 105 111 83 426 338 
143 11 295 133 119 109 276 60 101 109 84 429 336 
144 8 292 134 123 109 276 60 104 111 84 426 337 
145 8 292 134 123 109 276 60 104 110 83 429 335 
146 8 291 135 124 109 277 59 102 111 83 426 336 
147 6 292 134 124 109 276 60 104 111 83 427 336 
148 8 292 135 124 109 276 60 104 111 83 425 337 
149 9 291 136 125 109 276 59 103 113 82 423 340 
150 8 292 135 124 110 276 57 103 112 83 423 337 
151 9 289 134 126 109 276 58 103 111 83 427 337 
152 8 292 131 124 109 276 58 103 111 84 426 337 
153 6 289 134 128 109 275 58 104 113 83 425 336 
154 8 292 131 124 109 276 58 102 112 82 425 339 
155 7 292 134 124 110 276 57 104 111 82 427 339 
156 9 292 132 124 108 275 59 102 111 83 427 337 
157 8 292 133 124 109 276 58 103 113 83 425 336 
158 7 292 136 124 109 276 58 104 112 83 426 337 
159 7 292 136 124 110 276 57 102 111 83 427 336 
160 6 291 135 125 109 276 58 103 111 83 427 338 
161 8 292 135 124 109 276 58 104 112 83 426 340 
162 7 291 135 125 109 276 58 101 111 83 428 337 
163 6 289 135 128 109 276 58 103 111 83 426 337 
164 8 290 134 125 109 276 58 104 112 83 425 337 
165 6 292 134 125 109 276 58 103 113 83 425 339 
166 7 290 136 127 110 276 58 104 112 82 427 338 
167 7 291 132 125 109 276 58 102 112 83 426 337 
168 6 293 134 123 109 275 58 104 112 83 424 338 
169 8 291 135 124 109 276 59 104 112 83 426 338 
170 8 292 135 123 109 276 58 103 112 83 424 338 
171 9 291 133 126 109 276 58 107 112 82 425 338 
172 8 290 137 125 109 276 58 103 112 83 427 336 
173 6 293 136 123 110 276 58 104 113 83 425 338 
174 8 292 133 124 109 276 59 103 112 84 425 335 
175 6 291 138 125 109 276 58 104 110 82 429 337 
176 8 292 134 123 110 277 57 103 111 82 428 335 
177 8 294 136 122 109 276 59 103 111 83 428 338 
178 9 291 135 125 110 276 58 105 112 83 426 338 
179 9 293 133 123 109 275 59 104 110 83 428 336 
180 6 290 137 126 110 276 58 103 112 83 426 339 
181 8 293 134 123 109 276 58 104 111 83 427 337 
182 7 295 134 120 109 277 57 104 112 84 425 336 
183 6 291 136 124 110 277 57 103 111 82 427 338 
184 7 294 137 121 109 276 59 101 112 83 426 338 
185 8 291 135 125 110 276 57 101 111 83 428 335 
186 6 292 135 124 110 276 57 102 111 83 428 337 
187 10 291 130 125 110 276 57 101 112 84 427 335 
188 8 294 133 121 109 276 58 101 110 82 431 339 
189 8 292 134 124 109 276 59 101 110 83 429 336 
190 9 291 134 124 109 277 58 102 110 83 431 337 
191 8 292 134 124 110 276 57 103 113 83 426 338 
192 7 292 133 125 109 277 58 103 113 82 425 336 
193 7 292 135 123 110 276 58 103 112 82 426 337 
194 6 292 135 125 109 276 58 102 114 84 424 337 
195 8 291 134 126 110 276 57 103 113 83 425 340 
196 6 292 132 125 109 276 58 103 112 84 426 335 
197 7 293 136 122 110 276 57 105 113 84 425 335 
198 7 291 138 124 110 276 57 104 111 83 428 337 
199 7 293 135 123 109 277 59 102 112 84 425 338 
200 7 292 134 125 109 276 57 102 113 83 424 337 
201 6 292 134 125 110 276 58 103 112 82 425 337 
202 7 291 134 125 110 276 58 104 112 83 426 336 
203 7 293 133 124 109 275 58 105 113 84 424 335 
204 9 292 131 124 110 276 58 103 112 83 425 335 
205 8 293 133 123 109 277 58 104 112 83 425 337 
206 7 291 136 125 110 276 57 103 113 84 424 336 
207 8 291 133 125 109 276 58 104 111 83 427 338 
208 7 290 134 127 110 276 58 103 113 83 424 334 
209 8 291 132 126 109 276 58 105 112 84 425 334 
210 6 292 135 126 110 276 57 106 113 84 425 336 
211 8 292 133 124 108 276 59 103 111 83 426 336 
212 6 292 133 125 109 277 57 104 113 84 423 338 
213 8 292 135 125 109 276 59 109 112 81 427 339 
214 9 290 135 126 110 275 57 112 110 79 432 340 
215 8 292 136 124 110 277 57 104 108 83 437 337 
216 8 292 133 123 110 276 58 100 113 85 431 332 
217 8 293 134 123 110 277 57 99 113 85 432 328 
218 8 291 135 124 110 276 58 102 116 87 427 331 
219 8 290 136 126 111 276 58 105 115 87 429 332 
220 8 293 136 122 111 277 58 101 112 86 432 333 
221 9 293 132 122 110 277 58 101 112 85 432 336 
222 10 295 132 120 110 277 57 98 109 86 434 332 
223 9 292 131 123 111 277 56 94 105 87 438 333 
224 6 292 134 125 111 277 56 93 108 87 434 333 
225 7 293 132 122 111 277 56 94 108 87 431 333 
226 8 291 134 124 111 277 57 96 107 87 434 333 
227 10 296 131 118 111 276 57 96 107 86 436 334 
228 6 292 134 124 110 276 58 95 107 87 434 332 
229 8 294 136 120 109 276 59 95 104 87 439 333 
230 8 293 133 122 110 276 58 97 105 88 438 333 
231 9 296 134 118 110 276 58 97 104 87 440 333 
232 6 293 137 122 110 276 58 98 108 87 434 333 
233 7 292 134 123 110 275 58 98 105 87 438 332 
234 8 293 133 121 110 275 59 98 107 88 434 333 
235 9 293 130 122 110 275 59 98 108 86 432 333 
236 7 294 134 120 110 275 57 96 108 86 435 332 
237 7 294 134 120 110 275 59 99 106 87 434 332 
238 8 295 133 118 110 275 58 97 105 85 438 333 
239 7 293 136 121 110 275 58 99 106 86 437 333 
240 8 293 135 123 109 275 59 99 107 87 435 333 
241 8 293 136 120 110 275 58 98 108 86 433 333 
242 6 293 136 121 111 276 58 101 108 87 434 337 
243 8 293 136 122 110 275 58 104 111 85 430 334 
244 7 291 136 126 110 275 59 109 116 85 425 333 
245 8 293 136 123 110 275 58 113 114 84 429 337 
246 10 292 136 124 110 275 60 113 112 85 434 335 
247 8 289 136 127 110 275 60 114 117 84 427 335 
248 9 293 135 122 110 275 59 112 119 87 427 331 
249 8 292 137 123 111 274 59 114 117 89 431 330 
250 9 291 137 125 110 274 59 114 115 89 436 330 
251 8 291 140 125 110 274 60 115 115 87 435 330 
252 8 290 139 126 110 274 59 115 117 87 430 331 
253 10 292 136 123 110 274 59 116 117 86 429 331 
254 7 290 136 128 110 274 58 117 116 86 429 333 
255 7 292 138 124 110 275 57 113 114 85 431 333 
256 7 291 136 126 110 275 58 112 115 82 429 336 
257 6 292 137 125 110 275 57 113 112 84 432 332 
258 7 292 136 124 110 275 58 109 114 81 432 334 
259 8 294 135 122 110 275 57 111 114 82 430 331 
260 7 292 134 125 111 275 57 110 114 84 429 332 
261 8 294 135 123 110 275 58 108 113 81 431 334 
262 6 291 135 125 110 275 56 110 112 83 433 333 
263 7 293 135 123 110 275 57 112 112 82 432 333 
264 8 293 138 124 110 275 57 112 114 83 430 331 
265 7 292 137 124 110 275 57 113 115 83 430 332 
266 7 290 135 127 111 274 57 113 115 85 429 332 
267 8 292 134 125 110 275 56 114 115 84 429 333 
268 9 290 135 127 110 275 56 113 115 84 428 331 
269 7 291 137 126 110 274 56 115 116 85 428 331 
270 8 293 136 124 110 275 56 114 115 83 430 334 
271 7 291 136 126 110 275 57 113 116 84 427 332 
272 9 292 134 124 110 274 58 113 113 84 432 332 
273 8 292 136 125 110 274 58 114 113 85 431 331 
274 7 290 138 126 110 275 57 113 113 83 432 334 
275 7 291 137 126 111 275 57 112 115 82 430 334 
276 8 292 134 126 110 274 56 115 114 83 430 333 
277 8 291 134 126 111 275 57 113 114 84 431 333 
278 8 292 136 125 110 275 57 112 115 83 430 333 
279 7 292 137 124 110 275 57 113 114 83 430 333 
280 8 292 136 124 110 275 57 111 114 83 431 331 
281 9 292 135 124 110 275 57 112 114 84 430 331 
282 8 290 135 127 110 275 56 113 115 84 430 334 
283 7 291 135 126 110 275 57 113 114 84 431 333 
284 8 290 136 127 110 275 57 111 113 84 432 332 
285 8 292 136 125 111 275 56 113 114 84 430 332 
286 10 290 134 127 110 275 58 113 115 84 430 332 
287 8 292 137 124 110 275 57 113 115 84 428 331 
288 8 293 135 124 110 275 57 112 114 84 430 333 
289 8 293 135 123 111 274 57 113 114 84 431 331 
290 8 292 135 125 111 274 57 113 114 83 429 332 
291 7 292 134 126 110 275 57 112 115 82 428 332 
292 7 291 136 126 111 274 56 116 115 84 428 334 
293 8 292 136 123 110 275 57 110 114 82 430 336 
294 9 292 136 124 109 274 59 111 114 85 430 332 
295 7 292 136 124 110 275 58 105 114 86 431 329 
296 8 292 133 124 110 275 59 102 115 87 427 330 
297 8 293 136 122 110 275 59 106 112 87 433 332 
298 8 293 136 121 110 275 59 104 109 84 435 337 
299 8 293 134 122 109 275 59 100 106 85 439 336 
300 8 294 133 120 110 275 58 96 106 85 438 334 
301 6 293 134 122 110 275 58 95 104 86 440 334 
302 31 292 106 125 110 275 58 95 105 87 437 333 
303 7 292 133 123 110 275 58 97 105 84 437 336 
304 6 294 133 121 110 275 58 99 108 86 436 335 
305 7 294 135 121 109 276 59 98 104 86 441 336 
306 8 293 133 122 109 275 59 98 108 87 435 332 
307 9 293 132 122 111 275 58 98 107 86 437 333 
308 7 293 136 122 110 275 58 96 106 87 437 334 
309 7 293 132 123 110 275 58 96 106 86 434 334 
310 7 294 137 120 110 275 58 97 106 86 436 334 
311 7 295 134 119 110 275 58 96 106 86 434 335 
312 30 290 108 127 110 275 58 101 107 86 438 334 
313 6 291 136 124 109 275 58 105 111 85 434 335 
314 8 291 138 125 110 275 58 112 114 85 433 332 
315 9 290 136 126 110 275 58 111 114 86 432 333 
316 8 290 137 125 109 274 59 112 110 85 440 335 
317 8 291 137 125 110 274 59 114 115 85 431 335 
318 8 290 140 126 110 274 59 116 117 83 430 337 
319 7 291 140 124 110 274 59 115 117 83 431 337 
320 9 290 136 127 110 274 58 115 115 83 435 336 
321 7 291 135 126 110 274 57 113 112 82 437 336 
322 7 290 137 126 110 276 57 108 114 81 433 335 
323 7 291 135 126 110 276 57 105 116 83 428 334 
324 7 292 134 125 110 276 58 103 114 85 430 333 
325 9 293 134 122 109 276 57 102 113 82 432 335 
326 7 293 134 123 109 276 58 102 114 83 430 336 
327 7 294 136 121 110 276 57 102 113 82 431 337 
328 6 292 134 125 110 276 57 105 113 83 431 336 
329 7 293 136 122 110 276 58 102 112 84 433 333 
330 6 293 134 124 109 276 58 102 113 82 432 336 
331 7 292 135 124 109 276 58 104 113 81 433 336 
332 7 292 136 124 109 276 58 104 113 81 432 337 
333 7 291 133 126 110 276 57 107 112 82 433 334 
334 7 293 136 122 110 276 58 105 112 82 433 336 
335 8 294 134 121 109 276 57 103 112 83 432 336 
336 6 293 135 122 110 276 57 103 112 82 432 335 
337 5 292 133 125 109 276 59 103 113 81 430 336 
338 8 292 134 123 109 276 58 104 112 82 432 335 
339 9 292 133 123 110 276 58 104 112 81 432 336 
340 7 292 134 123 110 276 58 104 111 81 434 337 
341 7 292 136 124 109 276 58 106 112 82 432 334 
342 5 294 135 123 109 276 58 105 112 81 433 336 
343 9 292 133 125 110 276 57 104 114 83 430 335 
344 9 293 132 123 110 276 57 104 114 84 429 334 
345 8 292 133 124 110 276 57 103 114 83 430 335 
346 12 293 131 121 109 276 59 105 111 82 434 337 
347 7 292 136 124 110 276 57 104 113 83 431 336 
348 7 292 134 123 109 276 58 105 115 83 428 336 
349 7 292 135 123 109 276 58 104 114 83 431 336 
350 8 291 135 125 110 275 58 105 113 82 430 337 
351 7 293 136 123 109 277 58 103 114 84 430 334 
352 8 293 133 124 110 276 58 104 111 81 435 335 
353 7 295 135 120 109 276 58 104 112 82 432 336 
354 8 295 131 121 109 276 57 102 112 83 433 333 
355 6 292 134 124 110 276 57 102 113 83 430 335 
356 7 291 133 125 110 276 57 101 115 82 430 335 
357 6 292 135 124 109 276 58 102 113 82 431 335 
358 7 292 134 124 110 276 57 101 112 83 434 334 
359 7 292 134 125 110 276 58 104 111 83 436 335 
360 6 292 136 124 110 276 57 104 113 82 430 337 
361 7 290 135 127 110 276 57 106 113 85 431 334 
362 9 292 133 124 110 276 57 104 113 84 431 334 
363 7 292 134 124 110 276 58 105 114 82 431 333 
364 7 293 136 124 110 276 57 107 112 83 433 334 
365 11 291 131 124 109 276 58 104 113 82 432 336 
366 7 291 135 125 110 276 57 103 113 83 432 334 
367 6 290 135 128 109 276 58 104 114 84 428 335 
368 6 293 134 124 109 276 57 104 113 83 430 335 
369 7 293 134 123 110 276 58 104 114 83 429 336 
370 8 291 133 124 109 276 59 104 113 82 432 336 
371 7 292 137 124 110 276 58 103 112 82 433 336 
372 8 293 134 123 109 275 58 104 116 83 427 337 
373 7 292 133 125 109 276 58 104 113 84 430 334 
374 7 292 134 124 110 276 57 104 114 83 429 337 
375 6 292 136 124 110 277 57 102 112 81 434 338 
376 7 291 133 125 109 276 58 104 114 82 430 339 
377 8 295 135 121 109 275 59 103 113 83 431 336 
378 8 294 133 122 109 276 58 103 116 83 427 338 
379 10 291 132 126 110 276 57 106 115 83 428 337 
380 8 292 134 125 109 276 58 104 113 82 433 337 
381 6 291 136 126 109 275 57 104 113 83 432 337 
382 6 291 135 126 110 276 57 103 112 82 432 336 
383 7 292 135 125 110 275 58 103 114 82 430 336 
384 8 292 133 125 110 276 57 103 113 82 431 338 
385 7 291 134 126 110 276 57 103 113 82 432 337 
386 8 292 133 124 110 276 57 103 114 82 431 337 
387 7 293 135 124 110 276 57 102 115 81 429 338 
388 7 293 134 123 110 276 57 102 113 83 432 334 
389 7 292 136 124 110 276 57 102 113 82 431 336 
390 6 291 137 126 109 276 58 103 114 82 431 336 
391 8 294 132 122 110 276 57 102 115 82 428 337 
392 6 291 135 125 110 276 56 102 113 81 432 337 
393 9 292 131 123 110 276 58 103 113 83 432 335 
394 6 292 136 125 110 276 58 104 114 83 430 337 
395 9 291 132 126 110 276 57 104 113 82 432 336 
396 7 292 133 125 109 276 59 103 114 83 431 335 
397 9 293 134 122 109 276 58 102 112 83 432 335 
398 7 292 135 124 109 276 58 102 113 83 431 335 
399 8 292 132 125 109 276 59 103 112 82 432 336 
400 8 290 132 126 110 276 58 103 113 82 432 336 
401 7 291 135 125 110 276 57 102 113 82 432 337 
402 8 290 133 125 110 276 57 102 114 83 431 337 
403 7 291 136 124 109 276 58 101 114 82 430 336 
404 7 292 136 124 110 276 57 104 115 83 429 337 
405 10 291 131 124 109 276 59 102 114 84 429 335 
406 8 292 134 123 109 276 58 102 114 84 431 336 
407 9 293 132 122 109 275 58 102 113 83 431 336 
408 6 292 133 125 110 276 58 103 113 83 431 337 
409 6 293 135 123 109 276 58 102 113 84 432 337 
410 6 293 135 124 109 276 58 103 114 83 430 338 
411 9 292 133 123 109 276 58 102 113 83 432 337 
412 6 293 134 124 110 276 56 103 115 83 427 338 
413 9 292 132 124 110 276 57 102 115 83 429 338 
414 6 292 135 125 110 276 57 102 114 84 428 333 
415 7 291 134 125 109 276 57 102 113 82 431 335 
416 6 291 135 125 109 276 58 103 115 84 428 333 
417 6 292 134 124 110 276 57 101 115 84 427 336 
418 6 292 136 124 109 276 58 102 114 82 429 334 
419 7 292 134 123 110 275 57 104 115 83 426 336 
420 7 293 132 124 108 275 57 102 113 83 432 335 
421 7 288 134 129 107 274 59 105 115 82 427 336 
422 9 287 134 128 106 273 61 105 113 81 432 338 
423 7 287 137 130 105 272 62 105 114 82 429 338 
424 7 286 137 130 105 271 62 104 112 82 431 337 
425 5 287 140 129 105 271 62 105 113 81 431 339 
426 7 287 138 129 104 270 62 106 109 82 436 341 
427 5 286 141 129 103 270 63 107 112 81 431 342 
428 7 286 139 128 101 268 66 106 109 81 436 342 
429 100 268 65 105 4 286 140 129 111 79 432 342 
430 101 270 62 103 4 284 141 130 111 81 433 342 
431 101 270 62 99 3 283 144 129 110 81 434 342 
432 4 285 143 127 102 270 61 99 113 81 431 341 
433 4 289 137 125 101 270 61 100 111 82 432 341 
434 4 287 141 127 102 271 59 99 111 82 434 340 
435 4 288 140 126 102 272 59 100 113 82 429 340 
436 4 289 140 126 102 272 59 100 113 82 427 338 
437 3 291 140 124 104 273 57 99 113 82 430 339 
438 3 289 142 126 103 274 58 99 117 79 426 338 
439 4 288 142 125 104 275 58 99 116 83 434 331 
440 5 290 142 123 102 274 60 100 147 80 410 345 
441 3 288 146 125 103 274 61 99 146 78 414 347 
442 5 289 145 126 102 274 63 102 152 78 405 351 
443 3 288 146 126 102 274 62 104 109 87 440 331 
444 3 287 143 128 102 274 62 104 118 87 426 338 
445 3 285 142 130 100 275 63 103 116 87 430 331 
446 100 275 64 104 3 286 143 130 112 85 434 333 
447 99 276 63 109 2 286 143 130 113 84 432 334 
448 99 276 62 114 3 288 139 130 110 82 434 335 
449 2 289 135 130 100 275 64 136 115 81 425 337 
450 3 288 129 132 99 276 66 134 114 83 427 336 
451 4 293 111 125 99 275 64 138 116 81 425 339 
452 3 288 130 131 99 276 65 135 112 81 433 336 
453 4 287 132 131 98 275 66 137 112 80 432 337 
454 2 288 134 129 98 277 61 111 115 83 427 335 
455 3 289 133 129 98 275 67 137 115 80 429 338 
456 3 288 134 131 98 276 66 136 115 82 430 339 
457 2 290 132 129 98 276 67 135 117 82 426 336 
458 3 288 135 130 98 276 67 135 115 82 430 336 
459 3 289 131 130 98 277 66 134 113 81 432 335 
460 3 289 135 130 99 277 65 135 114 83 429 336 
461 3 289 134 129 98 276 66 136 115 82 427 336 
462 3 290 135 129 98 277 67 134 115 82 427 336 
463 3 289 134 129 98 277 66 135 115 81 429 338 
464 3 288 133 130 98 277 66 134 115 82 427 335 
465 2 289 134 129 98 277 66 133 114 81 428 335 
466 2 290 133 129 98 277 66 133 112 82 430 334 
467 2 290 132 129 98 275 60 136 113 83 427 336 
468 2 289 132 130 97 277 66 133 112 83 428 334 
469 2 290 131 128 99 274 60 137 111 84 430 335 
470 3 289 130 130 98 277 66 134 111 84 429 334 
471 2 290 133 129 98 277 66 133 108 82 434 336 
472 3 289 134 129 99 277 66 134 109 84 433 335 
473 2 290 133 129 99 277 66 135 111 86 431 336 
474 2 291 132 127 98 278 67 133 110 86 432 335 
475 3 290 133 129 98 277 67 132 110 84 433 340 
476 3 290 135 128 98 278 67 134 110 84 436 337 
477 3 290 133 129 98 277 67 134 112 83 433 337 
478 3 290 131 129 98 277 67 134 112 82 433 336 
479 3 291 131 129 98 275 61 136 112 83 433 336 
480 2 290 132 129 97 277 66 133 110 83 434 335 
481 3 290 132 128 99 273 60 139 115 82 428 338 
482 3 290 131 128 98 274 60 137 113 83 431 336 
483 3 290 130 129 98 274 60 136 113 82 430 336 
484 3 290 132 128 99 274 59 137 111 82 434 337 
485 3 290 130 129 98 274 60 137 114 82 429 338 
486 3 291 130 128 98 274 61 136 112 83 433 335 
487 3 289 131 129 97 278 60 111 113 82 431 336 
488 3 290 132 128 99 274 60 137 112 83 433 334 
489 3 289 133 130 98 274 60 136 112 83 432 335 
490 3 289 133 129 98 273 60 137 114 83 430 338 
491 2 290 132 127 97 277 61 112 114 83 430 335 
492 3 290 133 127 97 277 60 112 111 81 434 337 
493 3 289 129 130 98 273 60 138 113 81 431 338 
494 3 289 130 129 98 274 60 137 113 81 430 338 
495 3 292 132 127 98 274 60 136 114 83 428 337 